9 9 9 9    9 9 9 9    9 9 9 9    9 9 9 9    9 9 9 9    9 9 9 9    9 9 9 9    9 9 9 9    9 9 9 9    9 9 9 9    9 9 9 9
9 9 9 9    9 9 9 9    9 9 9 9    9 9 9 9    9 9 9 9    9 9 9 9    9 9 9 9    9 9 9 9    9 9 9 9    9 9 9 9    9 9 9 9

9 9 9 9    9 9 9 9    9 9 9 9    9 9 9 9    9 9 9 9    9 9 9 9    9 9 9 9    9 9 9 9    9 9 9 9    9 9 9 9    9 9 9 9
9 9 9 9    9 9 9 9    9 9 9 9    9 9 9 9    9 9 9 9    9 9 9 9    9 9 9 9    9 9 9 9    9 9 9 9    9 9 9 9    9 9 9 9
9 9 9 9    9 9 9 9    9 9 9 9    9 9 9 9    9 9 9 9    9 9 9 9    9 9 9 9    9 9 9 9    9 9 9 9    9 9 9 9    9 9 9 9
9 9 9 9    9 9 9 9    9 9 9 9    9 9 9 9    9 9 9 9    9 9 9 9    9 9 9 9    9 9 9 9    9 9 9 9    9 9 9 9    9 9 9 9

9 9 9 9    9 9 9 9    9 9 9 9    9 9 9 9    9 9 9 9    9 9 9 9    9 9 9 9    9 9 9 9    9 9 9 9    9 9 9 9    9 9 9 9
9 9 9 9    9 9 9 9    9 9 9 9    9 9 9 9    9 9 9 9    9 9 9 9    9 9 9 9    9 9 9 9    9 9 9 9    9 9 9 9    9 9 9 9
9 9 9 9    9 9 9 9    9 9 9 9    9 9 9 9    9 9 9 9    9 9 9 9    9 9 9 9    9 9 9 9    9 9 9 9    9 9 9 9    9 9 9 9
9 9 9 9    9 9 9 9    9 9 9 9    9 9 9 9    9 9 9 9    9 9 9 9    9 9 9 9    9 9 9 9    9 9 9 9    9 9 9 9    9 9 9 9
 
9 9 9 9    9 9 9 9    9 9 9 9    0 - - -    3 - - -    0 - - -    3 - - -    1 1 1 1    9 9 9 9    9 9 9 9    9 9 9 9
9 9 9 9    9 9 9 9    9 9 9 9    - - - -    - - - -    - - - -    - - - -    1 1 1 1    9 9 9 9    9 9 9 9    9 9 9 9
9 9 9 9    9 9 9 9    9 9 9 9    - - - -    - - - -    - - - -    - - - -    1 1 1 1    9 9 9 9    9 9 9 9    9 9 9 9
9 9 9 9    9 9 9 9    9 9 9 9    - - - -    - - - -    - - - -    - - - -    1 1 1 1    9 9 9 9    9 9 9 9    9 9 9 9
 
9 9 9 9    9 9 9 9    9 9 9 9    3 - - -    0 - - -    3 - - -    0 - - -    1 1 1 1    9 9 9 9    9 9 9 9    9 9 9 9
9 9 9 9    9 9 9 9    9 9 9 9    - - - -    - - - -    - - - -    - - - -    1 1 1 1    9 9 9 9    9 9 9 9    9 9 9 9
9 9 9 9    9 9 9 9    9 9 9 9    - - - -    - - - -    - - - -    - - - -    1 1 1 1    9 9 9 9    9 9 9 9    9 9 9 9
9 9 9 9    9 9 9 9    9 9 9 9    - - - -    - - - -    - - - -    - - - -    1 1 1 1    9 9 9 9    9 9 9 9    9 9 9 9
 
9 9 9 9    9 9 9 9    9 9 9 9    0 - - -    3 - - -    0 - - -    3 - - -    1 1 1 1    9 9 9 9    9 9 9 9    9 9 9 9
9 9 9 9    9 9 9 9    9 9 9 9    - - - -    - - - -    - - - -    - - - -    1 1 1 1    9 9 9 9    9 9 9 9    9 9 9 9
9 9 9 9    9 9 9 9    9 9 9 9    - - - -    - - - -    - - - -    - J - -    1 1 1 1    9 9 9 9    9 9 9 9    9 9 9 9
9 9 9 9    9 9 9 9    9 9 9 9    - - - -    - - - -    - - - -    - - - -    1 1 1 1    9 9 9 9    9 9 9 9    9 9 9 9
 
9 9 9 9    9 9 9 9    9 9 9 9    3 - - -    0 - - -    3 - - -    0 J - -    1 1 1 1    9 9 9 9    9 9 9 9    9 9 9 9
9 9 9 9    9 9 9 9    9 9 9 9    - - - -    - - - -    - - - -    - - - -    1 1 1 1    9 9 9 9    9 9 9 9    9 9 9 9
9 9 9 9    9 9 9 9    9 9 9 9    - - - -    - - - -    - - - -    - - - -    1 1 1 1    9 9 9 9    9 9 9 9    9 9 9 9
9 9 9 9    9 9 9 9    9 9 9 9    - - - -    - - - -    - - - -    - - - -    1 1 1 1    9 9 9 9    9 9 9 9    9 9 9 9
 
9 9 9 9    9 9 9 9    9 9 9 9    0 - - -    3 - - -    0 - - -    3 - - -    1 1 1 1    9 9 9 9    9 9 9 9    9 9 9 9
9 9 9 9    9 9 9 9    9 9 9 9    - - - -    - - - -    - - - -    - - - -    1 1 1 1    9 9 9 9    9 9 9 9    9 9 9 9
9 9 9 9    9 9 9 9    9 9 9 9    - - - -    - - - -    - - - -    - - - -    1 1 1 1    9 9 9 9    9 9 9 9    9 9 9 9
9 9 9 9    9 9 9 9    9 9 9 9    - - - -    - - - -    - - - -    - - - -    1 1 1 1    9 9 9 9    9 9 9 9    9 9 9 9
 
9 9 9 9    9 9 9 9    9 9 9 9    3 - - -    0 - - -    3 - - -    0 - - -    1 1 1 1    9 9 9 9    9 9 9 9    9 9 9 9
9 9 9 9    9 9 9 9    9 9 9 9    - - - -    - - - -    - - - -    - - - -    1 1 1 1    9 9 9 9    9 9 9 9    9 9 9 9
9 9 9 9    9 9 9 9    9 9 9 9    - - - -    - - - -    - - - -    - - - -    1 1 1 1    9 9 9 9    9 9 9 9    9 9 9 9
9 9 9 9    9 9 9 9    9 9 9 9    - - - -    - - - -    - - - -    - - - -    1 1 1 1    9 9 9 9    9 9 9 9    9 9 9 9
 
9 9 9 9    9 9 9 9    9 9 9 9    9 9 9 9    9 9 9 9    9 9 9 9    9 9 9 9    9 9 9 9    9 9 9 9    9 9 9 9    9 9 9 9
9 9 9 9    9 9 9 9    9 9 9 9    9 9 9 9    9 9 9 9    9 9 9 9    9 9 9 9    9 9 9 9    9 9 9 9    9 9 9 9    9 9 9 9
9 9 9 9    9 9 9 9    9 9 9 9    9 9 9 9    9 9 9 9    9 9 9 9    9 9 9 9    9 9 9 9    9 9 9 9    9 9 9 9    9 9 9 9
9 9 9 9    9 9 9 9    9 9 9 9    9 9 9 9    9 9 9 9    9 9 9 9    9 9 9 9    9 9 9 9    9 9 9 9    9 9 9 9    9 9 9 9

9 9 9 9    9 9 9 9    9 9 9 9    9 9 9 9    9 9 9 9    9 9 9 9    9 9 9 9    9 9 9 9    9 9 9 9    9 9 9 9    9 9 9 9
9 9 9 9    9 9 9 9    9 9 9 9    9 9 9 9    9 9 9 9    9 9 9 9    9 9 9 9    9 9 9 9    9 9 9 9    9 9 9 9    9 9 9 9
9 9 9 9    9 9 9 9    9 9 9 9    9 9 9 9    9 9 9 9    9 9 9 9    9 9 9 9    9 9 9 9    9 9 9 9    9 9 9 9    9 9 9 9
9 9 9 9    9 9 9 9    9 9 9 9    9 9 9 9    9 9 9 9    9 9 9 9    9 9 9 9    9 9 9 9    9 9 9 9    9 9 9 9    9 9 9 9

9 9 9 9    9 9 9 9    9 9 9 9    9 9 9 9    9 9 9 9    9 9 9 9    9 9 9 9    9 9 9 9    9 9 9 9    9 9 9 9    9 9 9 9
9 9 9 9    9 9 9 9    9 9 9 9    9 9 9 9    9 9 9 9    9 9 9 9    9 9 9 9    9 9 9 9    9 9 9 9    9 9 9 9    9 9 9 9

Level_1.txt
Level_2.txt
Level_3.txt
Level_4.txt

barrier 160 140 80 720 1
barrier 640 140 80 720 1
barrier 240 160 160 40 1
barrier 480 160 160 40 1
barrier 500 400 60 80 1
barrier 560 200 80 660 1
barrier 240 680 320 40 1

arrow 400 200 up