9 9 9 9    9 9 9 9    9 9 9 9    9 9 9 9    9 9 9 9   9 9 9 9   9 9 9 9   9 9 9 9   9 9 9 9   9 9 9 9   9 9 9 9
9 9 9 9    9 9 9 9    9 9 9 9    9 9 9 9    9 9 9 9   9 9 9 9   9 9 9 9   9 9 9 9   9 9 9 9   9 9 9 9   9 9 9 9
9 9 9 9    9 9 9 9    9 9 9 9    9 9 9 9    9 9 9 9   9 9 9 9   9 9 9 9   9 9 9 9   9 9 9 9   9 9 9 9   9 9 9 9
9 9 9 9    9 9 9 9    9 9 9 9    9 9 9 9    9 9 9 9   9 9 9 9   9 9 9 9   9 9 9 9   9 9 9 9   9 9 9 9   9 9 9 9

9 9 9 9    9 9 9 9    9 9 9 9    9 9 9 9    9 9 9 9   0 - - -   9 9 9 9   9 9 9 9   9 9 9 9   9 9 9 9   9 9 9 9
9 9 9 9    9 9 9 9    9 9 9 9    9 9 9 9    9 9 9 9   - - - -   9 9 9 9   9 9 9 9   9 9 9 9   9 9 9 9   9 9 9 9
9 9 9 9    9 9 9 9    9 9 9 9    9 9 9 9    9 9 9 9   - - - -   9 9 9 9   9 9 9 9   9 9 9 9   9 9 9 9   9 9 9 9
9 9 9 9    9 9 9 9    9 9 9 9    9 9 9 9    9 9 9 9   - - - -   9 9 9 9   9 9 9 9   9 9 9 9   9 9 9 9   9 9 9 9

9 9 9 9    9 9 9 9    9 9 9 9    9 9 9 9    9 9 9 9   0 - - -   9 9 9 9   9 9 9 9   9 9 9 9   9 9 9 9   9 9 9 9
9 9 9 9    9 9 9 9    9 9 9 9    9 9 9 9    9 9 9 9   - - - -   9 9 9 9   9 9 9 9   9 9 9 9   9 9 9 9   9 9 9 9
9 9 9 9    9 9 9 9    9 9 9 9    9 9 9 9    9 9 9 9   - - - -   9 9 9 9   9 9 9 9   9 9 9 9   9 9 9 9   9 9 9 9
9 9 9 9    9 9 9 9    9 9 9 9    9 9 9 9    9 9 9 9   - - - -   9 9 9 9   9 9 9 9   9 9 9 9   9 9 9 9   9 9 9 9
 
9 9 9 9    9 9 9 9    9 9 0 -    - - 0 -    - - 0 -   - - 0 -   - - 0 -   - - 0 -   - - 9 9   9 9 9 9   9 9 9 9
9 9 9 9    9 9 9 9    9 9 - -    - - - -    - - - -   - - - -   - - - -   - - - -   - - 9 9   9 9 9 9   9 9 9 9
9 9 9 9    9 9 9 9    9 9 - -    - - - -    - - - -   - - - -   - - - -   - - - -   - - 9 9   9 9 9 9   9 9 9 9
9 9 9 9    9 9 9 9    9 9 - -    - - - -    - - - -   - - - -   - - - -   - - - -   - - 9 9   9 9 9 9   9 9 9 9
 
9 9 9 9    9 9 9 9    9 9 0 -    - - 0 -    - - 9 9   9 9 9 9   9 9 0 -   - - 0 -   - - 9 9   9 9 9 9   9 9 9 9
9 9 9 9    9 9 9 9    9 9 - -    - - - -    - - 9 9   9 9 9 9   9 9 - -   - - - -   - - 9 9   9 9 9 9   9 9 9 9
9 9 9 9    9 9 9 9    9 9 - -    - - - -    - - 9 9   9 9 9 9   9 9 - -   - - - -   - - 9 9   9 9 9 9   9 9 9 9
9 9 9 9    9 9 9 9    9 9 - -    - - - -    - - 9 9   9 9 9 9   9 9 - -   - - - -   - - 9 9   9 9 9 9   9 9 9 9

9 9 9 9    9 9 9 9    9 9 0 -    - - 0 -    - - 9 9   9 9 9 9   9 9 0 -   - - 0 -   - - 9 9   9 9 9 9   9 9 9 9
9 9 9 9    9 9 9 9    9 9 - -    - - - -    - - 9 9   9 9 9 9   9 9 - -   - - - -   - - 9 9   9 9 9 9   9 9 9 9
9 9 9 9    9 9 9 9    9 9 1 1    1 1 - -    - - 9 9   9 9 9 9   9 9 - -   - - 1 1   1 1 9 9   9 9 9 9   9 9 9 9
9 9 9 9    9 9 9 9    9 9 1 1    1 1 - -    - - 9 9   9 9 9 9   9 9 - -   - - 1 1   1 1 9 9   9 9 9 9   9 9 9 9
 
9 9 9 9    9 9 9 9    9 9 0 -    - - 0 -    - - 0 -   - - 0 -   - - 0 -   - - 0 -   - - 9 9   9 9 9 9   9 9 9 9
9 9 9 9    9 9 9 9    9 9 - -    - - - -    - - - -   - - - -   - - - -   - - - -   - - 9 9   9 9 9 9   9 9 9 9
9 9 9 9    9 9 9 9    9 9 - -    - - - -    - - - -   - - - -   - - - -   - - - -   - - 9 9   9 9 9 9   9 9 9 9
9 9 9 9    9 9 9 9    9 9 - -    - - - -    - - - -   - - - -   - - - -   - - - -   - - 9 9   9 9 9 9   9 9 9 9
 
9 9 9 9    9 9 9 9    9 9 0 -    - - 0 -    - - 0 -   - - 0 -   - - 0 -   - - 0 -   - - 9 9   9 9 9 9   9 9 9 9
9 9 9 9    9 9 9 9    9 9 - -    - - - -    - - - -   - - - -   - - - -   - - - -   - - 9 9   9 9 9 9   9 9 9 9
9 9 9 9    9 9 9 9    9 9 - -    - - 1 1    1 1 1 1   1 1 1 1   1 1 1 1   1 1 - -   - - 9 9   9 9 9 9   9 9 9 9
9 9 9 9    9 9 9 9    9 9 - -    - - 1 1    1 1 1 1   1 1 1 1   1 1 1 1   1 1 - -   - - 9 9   9 9 9 9   9 9 9 9
 
9 9 9 9    9 9 9 9    9 9 0 -    - - 0 -    - - 0 -   - - 0 -   - - 0 -   - - 0 -   - - 9 9   9 9 9 9   9 9 9 9
9 9 9 9    9 9 9 9    9 9 - -    - - - -    - - - -   - - - -   - - - -   - - - -   - - 9 9   9 9 9 9   9 9 9 9
9 9 9 9    9 9 9 9    9 9 - -    - - - -    - - - -   - - - -   - - - -   - - - -   - - 9 9   9 9 9 9   9 9 9 9
9 9 9 9    9 9 9 9    9 9 - -    - - - -    - - - -   - - - -   - - - -   - - - -   - - 9 9   9 9 9 9   9 9 9 9
 
9 9 9 9    9 9 9 9    9 9 9 9    9 9 9 9    9 9 9 9   0 - - -   9 9 9 9   9 9 9 9   9 9 9 9   9 9 9 9   9 9 9 9
9 9 9 9    9 9 9 9    9 9 9 9    9 9 9 9    9 9 9 9   - - - -   9 9 9 9   9 9 9 9   9 9 9 9   9 9 9 9   9 9 9 9
9 9 9 9    9 9 9 9    9 9 9 9    9 9 9 9    9 9 9 9   - - - -   9 9 9 9   9 9 9 9   9 9 9 9   9 9 9 9   9 9 9 9
9 9 9 9    9 9 9 9    9 9 9 9    9 9 9 9    9 9 9 9   - - - -   9 9 9 9   9 9 9 9   9 9 9 9   9 9 9 9   9 9 9 9

9 9 9 9    9 9 9 9    9 9 9 9    9 9 9 9    9 9 9 9   9 9 9 9   9 9 9 9   9 9 9 9   9 9 9 9   9 9 9 9   9 9 9 9
9 9 9 9    9 9 9 9    9 9 9 9    9 9 9 9    9 9 9 9   9 9 9 9   9 9 9 9   9 9 9 9   9 9 9 9   9 9 9 9   9 9 9 9
9 9 9 9    9 9 9 9    9 9 9 9    9 9 9 9    9 9 9 9   9 9 9 9   9 9 9 9   9 9 9 9   9 9 9 9   9 9 9 9   9 9 9 9
9 9 9 9    9 9 9 9    9 9 9 9    9 9 9 9    9 9 9 9   9 9 9 9   9 9 9 9   9 9 9 9   9 9 9 9   9 9 9 9   9 9 9 9

Level_1.txt
Level_2.txt
Level_3.txt
Level_4.txt

square 181 188 0   255 255 0   up 440 500 1 0
square 181 188 0   255 255 0   up 220 640 1 0

square 179 9 179   255 0   255 up 280 500 2 0
square 179 9 179   255 0   255 up 580 640 2 0

square 0 195 195   0   255 255 up 360 500 3 0
square 0 195 195   0   255 255 up 560 280 3 0

square 223 119 0   255 137 0   up 520 500 4 0
square 223 119 0   255 137 0   up 240 280 4 0


horizontal 255 255 0 up 400 200 1
horizontal 255 255 0 up 200 620 1
horizontal 255 255 0 down 600 620 1

horizontal 255 0 255 up 400 160 2

horizontal 0 255 255 up 400 220 3
vertical 0 255 255 down 360 240 3
vertical 0 255 255 up 500 240 3
horizontal 0 255 255 up 280 440 3
horizontal 0 255 255 down 520 440 3

horizontal 255 137 0 up 400 180 4
horizontal 255 137 0 up 280 460 4
horizontal 255 137 0 up 520 460 4

arrow 400 80 up
arrow 400 720 up

barrier 200 80 200 160 1
barrier 480 80 200 160 1
barrier 160 240 40 480 1
barrier 680 240 40 480 1
barrier 200 720 200 80 1
barrier 480 720 200 80 1
barrier 360 320 160 160 1
barrier 200 440 80 40 1
barrier 600 440 80 40 1
barrier 280 600 320 40 1
barrier 400 800 80 40 1

springboard 360 640 down left
springboard 440 640 down right