9 9 9 9 9 9 9 9 9 9 9 9 9 9 9 9 9 9 9 9 9 9 9 9 9 9 9 9 9 9 9 9 9 9 9 9 9 9 9 9 9 9 9 9 
9 9 9 9 9 9 9 9 9 9 9 9 9 9 9 9 9 9 9 9 9 9 9 9 9 9 9 9 9 9 9 9 9 9 9 9 9 9 9 9 9 9 9 9 
9 9 9 9 9 9 9 9 9 9 9 9 9 9 9 9 9 9 9 9 9 9 9 9 9 9 9 9 9 9 9 9 9 9 9 9 9 9 9 9 9 9 9 9 
9 9 9 9 9 9 9 9 9 9 9 9 9 9 9 9 9 9 9 9 9 9 9 9 9 9 9 9 9 9 9 9 9 9 9 9 9 9 9 9 9 9 9 9 
9 9 9 9 9 9 9 9 9 9 9 9 9 9 9 9 9 9 9 9 0 - - - 9 9 9 9 9 9 9 9 9 9 9 9 9 9 9 9 9 9 9 9 
9 9 9 9 9 9 9 9 9 9 9 9 9 9 9 9 9 9 9 9 - - - - 9 9 9 9 9 9 9 9 9 9 9 9 9 9 9 9 9 9 9 9 
9 9 9 9 9 9 9 9 9 9 9 9 9 9 9 9 9 9 9 9 - - - - 9 9 9 9 9 9 9 9 9 9 9 9 9 9 9 9 9 9 9 9 
9 9 9 9 9 9 9 9 9 9 9 9 9 9 9 9 9 9 9 9 - - - - 9 9 9 9 9 9 9 9 9 9 9 9 9 9 9 9 9 9 9 9 
9 9 9 9 9 9 9 9 9 9 9 9 9 9 9 9 9 9 9 9 0 - - - 9 9 9 9 9 9 9 9 9 9 9 9 9 9 9 9 9 9 9 9 
9 9 9 9 9 9 9 9 9 9 9 9 9 9 9 9 9 9 9 9 - - - - 9 9 9 9 9 9 9 9 9 9 9 9 9 9 9 9 9 9 9 9 
9 9 9 9 9 9 9 9 9 9 9 9 9 9 9 9 9 9 9 9 - - - - 9 9 9 9 9 9 9 9 9 9 9 9 9 9 9 9 9 9 9 9 
9 9 9 9 9 9 9 9 9 9 9 9 9 9 9 9 9 9 9 9 - - - - 9 9 9 9 9 9 9 9 9 9 9 9 9 9 9 9 9 9 9 9 
9 9 9 9 9 9 9 9 9 9 0 - - - 0 - - - 0 - - - 0 - - - 0 - - - 0 - - - 9 9 9 9 9 9 9 9 9 9 
9 9 9 9 9 9 9 9 9 9 - - - - - - - - - - - - - - - - - - - - - - - - 9 9 9 9 9 9 9 9 9 9 
9 9 9 9 9 9 9 9 9 9 - - - - - - - - - - - - - - - - - - - - - - - - 9 9 9 9 9 9 9 9 9 9 
9 9 9 9 9 9 9 9 9 9 - - - - - - - - - - - - - - - - - - - - - - - - 9 9 9 9 9 9 9 9 9 9 
9 9 9 9 9 9 9 9 9 9 0 - - - 0 - - - 9 9 9 9 9 9 9 9 0 - - - 0 - - - 9 9 9 9 9 9 9 9 9 9 
9 9 9 9 9 9 9 9 9 9 - - - - - - - - 9 9 9 9 9 9 9 9 - - - - - - - - 9 9 9 9 9 9 9 9 9 9 
9 9 9 9 9 9 9 9 9 9 - - - - - - - - 9 9 9 9 9 9 9 9 - - - - - - - - 9 9 9 9 9 9 9 9 9 9 
9 9 9 9 9 9 9 9 9 9 - - - - - - - - 9 9 9 9 9 9 9 9 - - - - - - - - 9 9 9 9 9 9 9 9 9 9 
9 9 9 9 9 9 9 9 9 9 0 - - - 0 - - - 9 9 9 9 9 9 9 9 0 - - - 0 - - - 9 9 9 9 9 9 9 9 9 9 
9 9 9 9 9 9 9 9 9 9 - - - - - - - - 9 9 9 9 9 9 9 9 - - - - - - - - 9 9 9 9 9 9 9 9 9 9 
9 9 9 9 9 9 9 9 9 9 1 1 1 1 - - - - 9 9 9 9 9 9 9 9 - - - - 1 1 1 1 9 9 9 9 9 9 9 9 9 9 
9 9 9 9 9 9 9 9 9 9 1 1 1 1 - - - - 9 9 9 9 9 9 9 9 - - - - 1 1 1 1 9 9 9 9 9 9 9 9 9 9 
9 9 9 9 9 9 9 9 9 9 0 - - - 0 - - - 0 - - - 0 - - - 0 - - - 0 - - - 9 9 9 9 9 9 9 9 9 9 
9 9 9 9 9 9 9 9 9 9 - - - - - - - - - - - - - - - - - - - - - - - - 9 9 9 9 9 9 9 9 9 9 
9 9 9 9 9 9 9 9 9 9 - - - - - - - - - - - - - - - - - - - - - - - - 9 9 9 9 9 9 9 9 9 9 
9 9 9 9 9 9 9 9 9 9 - - - - - - - - - - - - - - - - - - - - - - - - 9 9 9 9 9 9 9 9 9 9 
9 9 9 9 9 9 9 9 9 9 0 - - - 0 - - - 0 - - - 0 - - - 0 - - - 0 - - - 9 9 9 9 9 9 9 9 9 9 
9 9 9 9 9 9 9 9 9 9 - - - - - - - - - - - - - - - - - - - - - - - - 9 9 9 9 9 9 9 9 9 9 
9 9 9 9 9 9 9 9 9 9 - - - - 1 1 1 1 1 1 1 1 1 1 1 1 1 1 1 1 - - - - 9 9 9 9 9 9 9 9 9 9 
9 9 9 9 9 9 9 9 9 9 - - - - 1 1 1 1 1 1 1 1 1 1 1 1 1 1 1 1 - - - - 9 9 9 9 9 9 9 9 9 9 
9 9 9 9 9 9 9 9 9 9 0 - - - 0 - - - 0 - - - 0 - - - 0 - - - 0 - - - 9 9 9 9 9 9 9 9 9 9 
9 9 9 9 9 9 9 9 9 9 - - - - - - - - - - - - - - - - - - - - - - - - 9 9 9 9 9 9 9 9 9 9 
9 9 9 9 9 9 9 9 9 9 - - - - - - - - - - - - - - - - - - - - - - - - 9 9 9 9 9 9 9 9 9 9 
9 9 9 9 9 9 9 9 9 9 - - - - - - - - - - - - - - - - - - - - - - - - 9 9 9 9 9 9 9 9 9 9 
9 9 9 9 9 9 9 9 9 9 9 9 9 9 9 9 9 9 9 9 0 - - - 9 9 9 9 9 9 9 9 9 9 9 9 9 9 9 9 9 9 9 9 
9 9 9 9 9 9 9 9 9 9 9 9 9 9 9 9 9 9 9 9 - - - - 9 9 9 9 9 9 9 9 9 9 9 9 9 9 9 9 9 9 9 9 
9 9 9 9 9 9 9 9 9 9 9 9 9 9 9 9 9 9 9 9 - - - - 9 9 9 9 9 9 9 9 9 9 9 9 9 9 9 9 9 9 9 9 
9 9 9 9 9 9 9 9 9 9 9 9 9 9 9 9 9 9 9 9 - - - - 9 9 9 9 9 9 9 9 9 9 9 9 9 9 9 9 9 9 9 9 
9 9 9 9 9 9 9 9 9 9 9 9 9 9 9 9 9 9 9 9 9 9 9 9 9 9 9 9 9 9 9 9 9 9 9 9 9 9 9 9 9 9 9 9 
9 9 9 9 9 9 9 9 9 9 9 9 9 9 9 9 9 9 9 9 9 9 9 9 9 9 9 9 9 9 9 9 9 9 9 9 9 9 9 9 9 9 9 9 
9 9 9 9 9 9 9 9 9 9 9 9 9 9 9 9 9 9 9 9 9 9 9 9 9 9 9 9 9 9 9 9 9 9 9 9 9 9 9 9 9 9 9 9 
9 9 9 9 9 9 9 9 9 9 9 9 9 9 9 9 9 9 9 9 9 9 9 9 9 9 9 9 9 9 9 9 9 9 9 9 9 9 9 9 9 9 9 9 
Level_1.txt
Level_2.txt
Level_3.txt
Level_4.txt
square 181 188 0 255 255 0 down 440 500 1 0
square 181 188 0 255 255 0 up 220 640 1 0
square 179 9 179 255 0 255 up 280 500 2 0
square 179 9 179 255 0 255 down 580 640 2 0
square 0 195 195 0 255 255 up 360 500 3 0
square 0 195 195 0 255 255 down 560 280 3 0
square 223 119 0 255 137 0 down 520 500 4 0
square 223 119 0 255 137 0 up 240 280 4 0
horizontal 255 255 0 down 400 200 1
horizontal 255 255 0 down 200 620 1
horizontal 255 255 0 up 600 620 1
horizontal 255 0 255 down 400 160 2
horizontal 0 255 255 down 400 220 3
vertical 0 255 255 up 360 240 3
vertical 0 255 255 down 500 240 3
horizontal 0 255 255 down 280 440 3
horizontal 0 255 255 up 520 440 3
horizontal 255 137 0 down 400 180 4
horizontal 255 137 0 down 280 460 4
horizontal 255 137 0 down 520 460 4
barrier 200 80 200 160 1
barrier 480 80 200 160 1
barrier 160 240 40 480 1
barrier 680 240 40 480 1
barrier 200 720 200 80 1
barrier 480 720 200 80 1
barrier 360 320 160 160 1
barrier 200 440 80 40 1
barrier 600 440 80 40 1
barrier 280 600 320 40 1
barrier 400 800 80 40 1
barrier 400 200 80 20 0
barrier 200 620 80 20 0
barrier 600 620 80 20 1
barrier 400 160 80 20 0
barrier 400 220 80 20 0
barrier 360 240 20 80 1
barrier 500 240 20 80 0
barrier 280 440 80 20 0
barrier 520 440 80 20 1
barrier 400 180 80 20 0
barrier 280 460 80 20 0
barrier 520 460 80 20 0
barrier 360 640 80 80 0
barrier 440 640 80 80 1
arrow 400 80 up
arrow 400 720 up
springboard 360 640 down left
springboard 440 640 up right
